769
809
481
360
439
830
980
909
113
499
91
995
511
674
854
374
156
401
753
710
13
774
105
214
721
955
374
821
136
100
620
162
620
133
882
106
946
512
760
273
347
485
546
848
398
613
329
415
518
286
85
403
911
836
589
44
571
663
110
559
422
548
359
792
205
806
507
865
491
284
514
362
431
52
556
234
652
180
778
933
85
566
568
504
572
459
778
444
595
390
356
650
16
840
171
826
864
693
321
951
747
240
791
852
366
191
543
404
226
233
881
869
460
217
897
246
803
696
825
752
630
982
132
575
110
865
197
203
209
803
746
522
281
582
621
702
387
726
16
493
44
249
53
133
240
642
763
455
267
11
437
527
699
810
122
415
597
105
596
997
931
492
188
993
787
652
300
824
219
757
419
675
750
328
296
142
765
261
535
643
890
340
380
365
149
744
812
899
999
251
822
778
217
711
301
165
631
320
274
169
