828
66
89
538
487
805
381
598
866
130
70
566
611
260
974
358
763
371
349
318
249
373
286
506
384
445
334
340
487
538
135
163
701
368
268
440
892
131
949
357
449
223
444
73
794
581
379
126
206
277
228
915
838
592
501
596
10
652
501
607
575
757
90
9
457
893
624
281
452
81
867
744
556
269
692
687
233
309
604
137
931
834
549
391
77
245
485
731
44
824
566
902
709
552
214
206
636
533
898
84
122
514
879
711
338
62
839
583
471
646
439
22
986
197
693
896
126
845
966
878
173
509
309
420
602
891
326
287
232
584
265
412
666
793
934
92
935
874
258
920
78
25
70
137
431
57
393
10
954
660
559
606
308
903
738
543
543
520
525
985
371
46
876
795
820
450
839
356
481
932
343
663
600
386
581
902
264
943
999
293
962
108
264
612
559
65
618
83
148
832
818
501
750
185
78
693
230
806
194
598
