486
704
806
32
696
711
649
841
834
149
214
211
251
625
67
82
739
335
163
362
302
212
962
673
706
495
603
26
1
811
867
535
297
215
755
506
766
111
255
999
107
672
998
446
472
804
665
585
969
939
911
252
67
248
765
818
331
487
446
147
549
484
246
511
474
431
777
715
611
832
372
807
848
665
138
611
111
668
414
998
897
672
845
940
774
34
988
551
822
809
551
188
824
268
229
205
335
111
902
127
559
369
78
145
238
750
374
619
874
424
114
163
439
46
370
766
243
457
886
921
913
229
926
374
164
496
118
292
34
725
186
143
963
692
744
602
550
340
924
218
139
489
694
420
893
145
347
117
62
634
202
209
118
694
456
451
714
262
834
348
919
176
536
475
176
98
433
403
539
191
735
703
326
629
680
539
420
539
539
750
942
296
910
818
648
731
959
448
431
713
571
377
662
816
989
779
298
812
192
340
