896
545
333
604
665
858
114
561
905
98
131
114
921
981
209
196
74
167
393
403
341
68
393
946
569
167
152
949
287
190
189
386
829
393
131
924
55
601
675
881
629
160
184
148
139
619
262
886
458
106
800
407
625
581
599
871
725
678
174
803
661
676
186
120
415
283
148
48
524
474
713
743
926
581
291
137
896
318
772
882
183
705
472
999
201
327
412
330
855
957
494
287
48
70
195
759
41
480
490
165
338
384
98
479
625
684
956
651
574
878
50
891
797
137
981
88
524
655
100
357
207
699
90
870
879
39
63
290
501
431
227
607
454
434
279
140
659
429
313
345
419
404
753
155
518
406
903
571
672
418
808
396
360
223
58
460
478
394
728
647
122
708
10
31
358
550
437
127
673
352
990
535
685
578
312
129
499
329
573
338
816
759
574
820
255
440
346
625
505
576
687
229
307
639
492
572
586
424
372
599
